1.000000000 0.000000000 0.000000000 0.000000000 0.000000000 1.000000000 0.000000000 0.000000000 0.000000000 0.000000000 1.000000000 0.000000000
0.999999285 0.001140296 0.000274515 -0.006215765 -0.001140320 0.999999344 0.000086309 0.000978409 -0.000274416 -0.000086622 0.999999940 0.179494292
0.999998748 0.001471694 0.000407982 -0.009538678 -0.001471692 0.999998927 -0.000002595 0.003095496 -0.000407985 0.000001995 0.999999881 0.362466753
0.999998212 0.001878396 0.000257224 -0.011079117 -0.001878432 0.999998271 0.000138778 0.003656850 -0.000256963 -0.000139261 1.000000000 0.537043452
0.999998808 0.001489287 0.000111849 -0.019150842 -0.001489320 0.999998868 0.000288857 0.000357384 -0.000111419 -0.000289023 0.999999881 0.704601824
0.999999046 0.001383682 0.000006002 -0.022708653 -0.001383683 0.999998987 0.000152721 -0.002592259 -0.000005790 -0.000152729 1.000000000 0.880795240
0.999998033 0.001984539 -0.000076560 -0.024105785 -0.001984549 0.999998033 -0.000134897 -0.001393575 0.000076292 0.000135048 1.000000000 1.061349154
0.999998629 0.001636852 -0.000193843 -0.032872077 -0.001636919 0.999998569 -0.000347206 -0.002881201 0.000193275 0.000347523 0.999999940 1.229660869
0.999998391 0.001797851 -0.000158121 -0.034833178 -0.001797919 0.999998271 -0.000430080 -0.006254508 0.000157348 0.000430363 0.999999881 1.415228248
0.999997854 0.002045988 -0.000225595 -0.039952457 -0.002046114 0.999997735 -0.000560041 -0.007583706 0.000224449 0.000560502 0.999999821 1.589248180
0.999997556 0.002160803 -0.000342488 -0.042925145 -0.002161031 0.999997437 -0.000667428 -0.010728895 0.000341044 0.000668167 0.999999702 1.766437650
0.999997139 0.002373059 -0.000290326 -0.048950408 -0.002373320 0.999996781 -0.000900710 -0.010535630 0.000288188 0.000901397 0.999999523 1.949143529
0.999995649 0.002895973 -0.000441987 -0.051425252 -0.002896422 0.999995232 -0.001018637 -0.011737857 0.000439035 0.001019912 0.999999344 2.119652271
0.999994516 0.003290096 -0.000358999 -0.060439169 -0.003290456 0.999994099 -0.001004364 -0.012281839 0.000355692 0.001005540 0.999999344 2.301684380
0.999994397 0.003301775 -0.000590593 -0.061744273 -0.003302292 0.999994159 -0.000875567 -0.014669660 0.000587699 0.000877512 0.999999404 2.476851940
0.999993742 0.003521871 -0.000341983 -0.071060508 -0.003522101 0.999993563 -0.000672369 -0.016897729 0.000339613 0.000673570 0.999999702 2.659288406
0.999995232 0.003047253 -0.000549571 -0.072304159 -0.003047521 0.999995232 -0.000485528 -0.016306648 0.000548088 0.000487200 0.999999702 2.834864140
0.999994814 0.003158145 -0.000612001 -0.078811541 -0.003158339 0.999994874 -0.000318028 -0.019467913 0.000610994 0.000319959 0.999999762 3.019118309
0.999993205 0.003636934 -0.000649096 -0.083505221 -0.003637184 0.999993324 -0.000385432 -0.021690274 0.000647690 0.000387790 0.999999702 3.202432156
0.999991894 0.003924364 -0.000807490 -0.086522497 -0.003924695 0.999992192 -0.000408469 -0.021622989 0.000805881 0.000411635 0.999999583 3.379534721
0.999989450 0.004519031 -0.000728573 -0.093142688 -0.004519309 0.999989688 -0.000379716 -0.017902147 0.000726849 0.000383004 0.999999642 3.554975986
0.999992192 0.003860391 -0.000829596 -0.101120725 -0.003860414 0.999992490 -0.000026747 -0.025156388 0.000829486 0.000029949 0.999999583 3.733799696
0.999990642 0.004234143 -0.000903703 -0.104862399 -0.004233890 0.999991000 0.000282274 -0.027760308 0.000904890 -0.000278445 0.999999523 3.914634705
0.999988496 0.004674344 -0.001056729 -0.104367480 -0.004673866 0.999988973 0.000454699 -0.027441394 0.001058843 -0.000449755 0.999999344 4.100148678
0.999985993 0.005163636 -0.001123989 -0.108310483 -0.005163080 0.999986529 0.000495968 -0.024078429 0.001126535 -0.000490158 0.999999166 4.276249409
0.999988079 0.004770128 -0.000992059 -0.113973148 -0.004769495 0.999988437 0.000640376 -0.026605893 0.000995103 -0.000635637 0.999999225 4.467927933
0.999985754 0.005249299 -0.000887084 -0.125060990 -0.005248771 0.999985993 0.000596494 -0.029791174 0.000890203 -0.000591829 0.999999404 4.641497612
0.999984384 0.005491106 -0.001016936 -0.128949195 -0.005490274 0.999984503 0.000820264 -0.034583692 0.001021425 -0.000814668 0.999999166 4.820312023
0.999984324 0.005500545 -0.001031448 -0.133704349 -0.005499814 0.999984622 0.000708175 -0.034101199 0.001035327 -0.000702491 0.999999166 5.006025314
0.999982595 0.005793578 -0.001113042 -0.139001548 -0.005792728 0.999982893 0.000765347 -0.035330966 0.001117458 -0.000758886 0.999999106 5.183088779
0.999983847 0.005564983 -0.001145563 -0.143722996 -0.005564306 0.999984324 0.000592575 -0.034389786 0.001148842 -0.000586191 0.999999166 5.372601509
0.999980748 0.006091001 -0.001182613 -0.151493192 -0.006090255 0.999981225 0.000632821 -0.037640110 0.001186446 -0.000625607 0.999999106 5.545214653
0.999981523 0.005941501 -0.001235927 -0.156557977 -0.005940847 0.999982238 0.000532577 -0.041156501 0.001239069 -0.000525224 0.999999046 5.728932858
0.999983132 0.005658200 -0.001303338 -0.159566626 -0.005657487 0.999983788 0.000551208 -0.042913649 0.001306436 -0.000543826 0.999998927 5.917651653
0.999984264 0.005472185 -0.001341579 -0.167107940 -0.005471370 0.999984860 0.000610105 -0.045517664 0.001344897 -0.000602755 0.999998868 6.092552185
0.999980807 0.006040964 -0.001360108 -0.173351765 -0.006040195 0.999981582 0.000568456 -0.043442853 0.001363517 -0.000560230 0.999998927 6.274103165
0.999981523 0.005917084 -0.001401171 -0.176076084 -0.005916207 0.999982238 0.000629117 -0.049586583 0.001404868 -0.000620816 0.999998808 6.458812714
0.999982834 0.005707168 -0.001395099 -0.186214149 -0.005706245 0.999983490 0.000663937 -0.050793812 0.001398865 -0.000655965 0.999998808 6.638450623
0.999982595 0.005707906 -0.001493020 -0.190463424 -0.005706677 0.999983311 0.000825666 -0.052629665 0.001497708 -0.000817131 0.999998569 6.824384212
0.999980569 0.006119390 -0.001256944 -0.201892391 -0.006118083 0.999980688 0.001040425 -0.055526212 0.001263286 -0.001032715 0.999998689 7.009996891
0.999979317 0.006242384 -0.001552784 -0.203609541 -0.006240884 0.999980032 0.000969017 -0.054742742 0.001558802 -0.000959306 0.999998331 7.193949699
0.999977827 0.006482956 -0.001585861 -0.210812256 -0.006480999 0.999978244 0.001236538 -0.059358165 0.001593843 -0.001226233 0.999997914 7.370579720
0.999974728 0.006897912 -0.001694130 -0.216998264 -0.006895470 0.999975204 0.001443548 -0.060644448 0.001704046 -0.001431830 0.999997437 7.549048424
0.999973595 0.007078775 -0.001608535 -0.222248062 -0.007076412 0.999973893 0.001470920 -0.059445634 0.001618905 -0.001459499 0.999997556 7.737915039
0.999974489 0.006900157 -0.001797862 -0.229307204 -0.006897132 0.999974787 0.001683305 -0.060857289 0.001809432 -0.001670862 0.999996960 7.919611931
0.999972463 0.007193705 -0.001798353 -0.236384273 -0.007190302 0.999972343 0.001891306 -0.065030046 0.001811909 -0.001878323 0.999996603 8.089860916
0.999971449 0.007342122 -0.001754857 -0.243730962 -0.007338878 0.999971390 0.001848381 -0.066009298 0.001768378 -0.001835449 0.999996781 8.284980774
0.999968350 0.007705806 -0.001967755 -0.245882243 -0.007702038 0.999968529 0.001915562 -0.063699022 0.001982454 -0.001900345 0.999996305 8.465969086
0.999965072 0.008137605 -0.001880018 -0.252539933 -0.008133478 0.999964535 0.002192753 -0.066980436 0.001897795 -0.002177385 0.999995828 8.641689301
0.999963820 0.008301716 -0.001864508 -0.262037575 -0.008297687 0.999963224 0.002158047 -0.068612486 0.001882356 -0.002142498 0.999995947 8.819487572
